T = 360.6950295224775 + 105.29068949824358 - 73.9544020050871
log_xh2o = -7.958978145782962 + 4.242512148093293 - 3.2801903919644877
log_xch4 = -2.0824137922375776 + 0.6680133934429933 - 0.8047151894314761
log_kappa_cloud = -5.721562765581019 + 3.9666291651364105 - 3.980898205910923
R0 = 1.8308981564730034 + 0.037367398655436146 - 0.045978436743719486
Rstar = 1.5765681281526172 + 0.0326306067332478 - 0.03997414296471513
G = 979.0097469980602 + 58.705655097417434 - 60.22024567093047

log Z for model = 12.8