T = 363.8259020359078 + 112.76292099878549 - 77.6289901694318
log_xh2o = -7.297281462281923 + 3.962281666629237 - 3.7075948832749983
log_xch4 = -1.9811271440370932 + 0.7514571679985376 - 0.8596486626056565
log_kappa_cloud = -5.79597378237753 + 3.991738276865195 - 3.798522178483461
R0 = 1.8248577923326867 + 0.04216801745845977 - 0.05349487062903879
Rstar = 1.5713933937221776 + 0.036108183444911734 - 0.045374841973142566
G = 976.341116622259 + 60.255808143790546 - 57.95359465739557

log Z for model = 13.0